-6385.630554951761
6630.642885890835
-0.5027524235190196
6625.854057863399
0.2120357845069363
-7341.14067008671
1.164182545641115
8084.611058195917
4890.957623553874
6180.088765924384
6160.456504483986
7129.780274921983
8068.136539561706
21.36028150684127
37.30162193685955
6654.800510953693
20.53801176161962
22.95771859813966
8084.611058195917
38.18477092490624
6654.800510953693
5666.159016715421
5663.749475296223
0.1325344033884689
2787.09451267431
4249.627156700576
5666.159016715421
-0.6902280739967342
5.196975476119944
-0.9082856650696652
2.918561703140338
383.090998578391
6150.797165297698
5667.574957589397
520.9595813644137
45.16616570782644
58.95909335390341
2136.744206518747
3348.937477226898
2375.698718048901
73.48443373599608
7650.765341617183
-6443.654442781924
7590.060363421823
0.1288546429108182
-6385.980283621255
7586.149928229526
6273.507512282189
5671.054342216158
5.26884881286101
7593.832002303281
0.9332694297960545
3.964792865427499
6640.604562643033
8064.364900680247
6160.327610109553
28.21642860180394
7119.23253255766
69.83969873752925
1254.095780129674
7599.598083825256
19.02856690138828
45.54242442938568
3272.249096193284
7270.173720607165
-0.3902000391850592
1.161504495314669
383.2927743462911
-1583.630082043714
0.5856315183744562
2.069344131933363
-5.384530444925034
-4265.641015711095
8.136464342811745
7145.73389398926
6.318761041435998
11.3387894873011
90.30046933867354
7610.306520937494
2532.500624746889
139.8247952554408
7072.783640937493
86.3616459765162
4370.091714616752
4223.382052403321
-5423.457592965641
0.1620825760248885
6144.606455826344
7106.896268820155
4704.082056994319
6145.156664704822
5190.612434759076
6624.297818982541
1.062441899938148
6149.32813866677
1.098720231156489
1.923398527861167
7590.273492436532
81.6505035912632
12.70667995176592
8068.848224924945
7597.124574893436
5.941711299435338
7587.739470832046
8068.848224924945
-5423.199065505777
4706.169927626777
-0.1385136734708617
0.535359542567121
4704.011982180262
4225.892389140103
6621.720423728
7104.187969696793
7616.657909697991
2.370339328785977
7171.488834431601
7124.615797282071
1.602147985772574
7597.153489247444
6677.246421525288
19.21457378235955
53.95380196379816
273.776953104349
6609.076225893839
13.42034057755807
38.9949529276249
-4849.705718787539
4720.959978123697
0.3416494622060179
0.6630259129843963
5194.379129710366
-3482.995299061542
3263.071378198294
3.864809238876328
6629.515147556959
2788.348177530414
12.43974716650354
5.121901309982364
6145.144829864415
4.365587798653688
5416.353547491517
7595.103547491517
3315.984490012143
79.15455004581756
209.5730714123459
37.95837493978554
7182.931395669631
